RADIX 1 1 1 1 1 1 1 1 1
VNAME In1 In2 In3 In4 In5 In6 In7 In8 In9
IO I I I I I I I I I 
tunit ns
slope  0.01
tdelay 0
vih 0.7
vil 0

0   	0 0 0 0 0 0 0 0 0
0.25	0 0 0 0 0 0 0 0 0
0.5 	0 0 1 1 1 0 1 1 1
0.65	0 0 0 0 0 0 0 0 0
1   	0 0 0 0 0 0 0 0 0
1.25	0 0 0 0 0 0 0 0 0
1.5 	0 1 1 1 0 1 1 1 0
1.65	0 0 0 0 0 0 0 0 0
2   	0 0 0 0 0 0 0 0 0
2.25	0 0 0 0 0 0 0 0 0
2.5 	1 1 1 0 1 1 1 0 0
2.65	0 0 0 0 0 0 0 0 0
3   	0 0 0 0 0 0 0 0 0
3.25	0 0 0 0 0 0 0 0 0
3.5 	1 1 0 1 1 1 0 1 1
3.65	0 0 0 0 0 0 0 0 0
4   	0 0 0 0 0 0 0 0 0
4.25	0 0 0 0 0 0 0 0 0
4.5 	1 0 1 1 1 0 1 1 1
4.65	0 0 0 0 0 0 0 0 0
5   	0 0 0 0 0 0 0 0 0
5.25	0 0 0 0 0 0 0 0 0
5.5 	0 1 1 1 0 0 1 1 0
5.65	0 0 0 0 0 0 0 0 0
6   	0 0 0 0 0 0 0 0 0
6.25	0 0 0 0 0 0 0 0 0
6.5 	1 1 1 0 1 1 1 0 1
6.65	0 0 0 0 0 0 0 0 0
7   	0 0 0 0 0 0 0 0 0
7.25	0 0 0 0 0 0 0 0 0
7.5 	1 1 0 1 1 1 0 1 0
7.65	0 0 0 0 0 0 0 0 0
8   	0 0 0 0 0 0 0 0 0
8.25	0 0 0 0 0 0 0 0 0
8.5 	1 0 0 1 1 0 1 0 1
8.65	0 0 0 0 0 0 0 0 0
9   	0 0 0 0 0 0 0 0 0
9.25	0 0 0 0 0 0 0 0 0
9.5 	0 0 0 0 0 0 0 0 0
