RADIX 1 1 1 1 1 1 1
VNAME clk Addr[5] Addr[4] Addr[3] Addr[2] Addr[1] Addr[0]
IO I I I I I I I
tunit ns
slope  0.05
tdelay 0.0
vih 0.7
vil 0

0		0 0 0 0 0 0 0 
0.5 	1 0 0 0 0 0 0 
1		0 0 0 0 0 0 1 
1.5 	1 0 0 0 0 0 1 
2		0 0 0 0 0 1 0 
2.5 	1 0 0 0 0 1 0 
3		0 0 0 0 0 1 1 
3.5 	1 0 0 0 0 1 1 
4		0 0 0 0 1 0 0 
4.5 	1 0 0 0 1 0 0 
5		0 0 0 0 1 0 1 
5.5 	1 0 0 0 1 0 1 
6		0 0 0 0 1 1 0 
6.5 	1 0 0 0 1 1 0 
7		0 0 0 0 1 1 1 
7.5 	1 0 0 0 1 1 1 
8		0 0 0 1 0 0 0 
8.5 	1 0 0 1 0 0 0 
9		0 0 0 1 0 0 1 
9.5 	1 0 0 1 0 0 1 
10		0 0 0 1 0 1 0 
10.5 	1 0 0 1 0 1 0 
11		0 0 0 1 0 1 1 
11.5 	1 0 0 1 0 1 1 
12		0 0 0 1 1 0 0 
12.5 	1 0 0 1 1 0 0 
13		0 0 0 1 1 0 1 
13.5 	1 0 0 1 1 0 1 
14		0 0 0 1 1 1 0 
14.5 	1 0 0 1 1 1 0 
15		0 0 0 1 1 1 1 
15.5 	1 0 0 1 1 1 1 
16		0 0 1 0 0 0 0 
16.5 	1 0 1 0 0 0 0 
17		0 0 1 0 0 0 1 
17.5 	1 0 1 0 0 0 1 
18		0 0 1 0 0 1 0 
18.5 	1 0 1 0 0 1 0 
19		0 0 1 0 0 1 1 
19.5 	1 0 1 0 0 1 1 
20		0 0 1 0 1 0 0 
20.5 	1 0 1 0 1 0 0 
21		0 0 1 0 1 0 1 
21.5 	1 0 1 0 1 0 1 
22		0 0 1 0 1 1 0 
22.5 	1 0 1 0 1 1 0 
23		0 0 1 0 1 1 1 
23.5 	1 0 1 0 1 1 1 
24		0 0 1 1 0 0 0 
24.5 	1 0 1 1 0 0 0 
25		0 0 1 1 0 0 1 
25.5 	1 0 1 1 0 0 1 
26		0 0 1 1 0 1 0 
26.5 	1 0 1 1 0 1 0 
27		0 0 1 1 0 1 1 
27.5 	1 0 1 1 0 1 1 
28		0 0 1 1 1 0 0 
28.5 	1 0 1 1 1 0 0 
29		0 0 1 1 1 0 1 
29.5 	1 0 1 1 1 0 1 
30		0 0 1 1 1 1 0 
30.5 	1 0 1 1 1 1 0 
31		0 0 1 1 1 1 1 
31.5 	1 0 1 1 1 1 1 
32		0 1 0 0 0 0 0 
32.5 	1 1 0 0 0 0 0 
33		0 1 0 0 0 0 1 
33.5 	1 1 0 0 0 0 1 
34		0 1 0 0 0 1 0 
34.5 	1 1 0 0 0 1 0 
35		0 1 0 0 0 1 1 
35.5 	1 1 0 0 0 1 1 
36		0 1 0 0 1 0 0 
36.5 	1 1 0 0 1 0 0 
37		0 1 0 0 1 0 1 
37.5 	1 1 0 0 1 0 1 
38		0 1 0 0 1 1 0 
38.5 	1 1 0 0 1 1 0 
39		0 1 0 0 1 1 1 
39.5 	1 1 0 0 1 1 1 
40		0 1 0 1 0 0 0 
40.5 	1 1 0 1 0 0 0 
41		0 1 0 1 0 0 1 
41.5 	1 1 0 1 0 0 1 
42		0 1 0 1 0 1 0 
42.5 	1 1 0 1 0 1 0 
43		0 1 0 1 0 1 1 
43.5 	1 1 0 1 0 1 1 
44		0 1 0 1 1 0 0 
44.5 	1 1 0 1 1 0 0 
45		0 1 0 1 1 0 1 
45.5 	1 1 0 1 1 0 1 
46		0 1 0 1 1 1 0 
46.5 	1 1 0 1 1 1 0 
47		0 1 0 1 1 1 1 
47.5 	1 1 0 1 1 1 1 
48		0 1 1 0 0 0 0 
48.5 	1 1 1 0 0 0 0 
49		0 1 1 0 0 0 1 
49.5 	1 1 1 0 0 0 1 
50		0 1 1 0 0 1 0 
50.5 	1 1 1 0 0 1 0 
51		0 1 1 0 0 1 1 
51.5 	1 1 1 0 0 1 1 
52		0 1 1 0 1 0 0 
52.5 	1 1 1 0 1 0 0 
53		0 1 1 0 1 0 1 
53.5 	1 1 1 0 1 0 1 
54		0 1 1 0 1 1 0 
54.5 	1 1 1 0 1 1 0 
55		0 1 1 0 1 1 1 
55.5 	1 1 1 0 1 1 1 
56		0 1 1 1 0 0 0 
56.5 	1 1 1 1 0 0 0 
57		0 1 1 1 0 0 1 
57.5 	1 1 1 1 0 0 1 
58		0 1 1 1 0 1 0 
58.5 	1 1 1 1 0 1 0 
59		0 1 1 1 0 1 1 
59.5 	1 1 1 1 0 1 1 
60		0 1 1 1 1 0 0 
60.5 	1 1 1 1 1 0 0 
61		0 1 1 1 1 0 1 
61.5 	1 1 1 1 1 0 1 
62		0 1 1 1 1 1 0 
62.5 	1 1 1 1 1 1 0 
63		0 1 1 1 1 1 1 
63.5 	1 1 1 1 1 1 1 
