RADIX 1 1 1 
VNAME pre  WL0  SEN
IO I I I
tunit ns
slope  0.05
tdelay 0.0
vih 0.7
vil 0

0   	0 0 0
0.25	1 1 0
0.5 	1 0 1
0.75	1 0 1
1   	0 0 0
1.25	1 1 0
1.5 	1 0 1
1.75	1 0 1
2   	0 0 0
2.25	1 1 0
2.5 	1 0 1
2.75	1 0 1
3   	0 0 0
3.25	1 1 0
3.5 	1 0 1
3.75	1 0 1
4   	0 0 0
4.25	1 1 0
4.5 	1 0 1
4.75	1 0 1
5   	0 0 0
5.25	1 1 0
5.5 	1 0 1
5.75	1 0 1
6   	0 0 0
6.25	1 1 0
6.5 	1 0 1
6.75	1 0 1
7   	0 0 0
7.25	1 1 0
7.5 	1 0 1
7.75	1 0 1
8   	0 0 0
8.25	1 1 0
8.5 	1 0 1
8.75	1 0 1
9   	0 0 0
9.25	1 1 0
9.5 	1 0 1
9.75	1 0 1
