RADIX 1 1 1 1 1 1 1 1
VNAME EQ WL SAN SAP CSL WE in inb
IO I I I I I I I I
tunit ns
slope  0.01
tdelay 0
vih 0.7 
vih 1 0 1 0 0 0 0 0 0
vil 0

0   	1 0 0 1 0 0 0 1
2.5	    1 0 0 1 0 0 0 1
5 	    1 0 0 1 0 0 0 1
7.5	    1 0 0 1 0 0 0 1
10   	1 0 0 1 0 0 0 1
12.5	1 0 0 1 0 0 0 1
15 	    0 1 0 1 0 0 0 1
17.5	0 1 1 1 0 0 0 1
20   	0 1 1 0 0 0 0 1
22.5	0 1 1 0 0 0 0 1
25 	    0 1 1 0 1 0 0 1
27.5	0 1 1 0 1 0 0 1
30   	0 1 1 0 1 0 0 1
32.5	1 0 0 1 0 0 0 1
35 	    1 0 0 1 0 0 0 1
37.5	1 0 0 1 0 0 0 1
40   	1 0 0 1 0 0 0 1
42.5	1 0 0 1 0 0 0 1
45 	    1 0 0 1 0 0 0 1
47.5	0 1 0 1 0 0 0 1
50   	0 1 1 1 0 0 0 1
52.5	0 1 1 0 0 0 0 1
55 	    0 1 1 0 0 0 0 1
57.5	0 1 1 0 1 1 0 1
60  	0 1 1 0 1 1 0 1
62.5	0 1 1 0 1 1 0 1
65 	    1 0 0 1 0 0 1 0
67.5	1 0 0 1 0 0 1 0
70   	1 0 0 1 0 0 1 0
72.5	1 0 0 1 0 0 1 0
75 	    1 0 0 1 0 0 1 0
77.5	1 0 0 1 0 0 1 0
80   	0 1 0 1 0 0 1 0
82.5	0 1 1 1 0 0 1 0
85  	0 1 1 0 0 0 1 0
87.5	0 1 1 0 0 0 1 0
90   	0 1 1 0 1 0 1 0
92.5	0 1 1 0 1 0 1 0
95 	    0 1 1 0 1 0 1 0
97.5    1 0 0 1 0 0 1 0
100     1 0 0 1 0 0 1 0
102.5   1 0 0 1 0 0 1 0
105 	1 0 0 1 0 0 1 0   
107.5	1 0 0 1 0 0 1 0   
110     1 0 0 1 0 0 1 0
112.5   0 1 0 1 0 0 1 0
115     0 1 1 1 0 0 1 0	    
117.5   0 1 1 0 0 0 1 0
120     0 1 1 0 0 0 1 0
122.5   0 1 1 0 1 1 1 0
125     0 1 1 0 1 1 1 0	    
127.5   0 1 1 0 1 1 1 0
130     1 0 0 1 0 0 1 0    
132.5   1 0 0 1 0 0 1 0
135     1 0 0 1 0 0 1 0
137.5   1 0 0 1 0 0 1 0
140     1 0 0 1 0 0 1 0
142.5   1 0 0 1 0 0 1 0
145 	0 1 0 1 0 0 1 0
147.5   0 1 1 1 0 0 1 0
150     0 1 1 0 0 0 1 0
152.5   0 1 1 0 0 0 1 0
155 	0 1 1 0 1 0 1 0
157.5   0 1 1 0 1 0 1 0
160     0 1 1 0 1 0 1 0